--- 🔬 STARTING SIMULATION & DATA DUMP ---
Frame, P1_m, P1_l, P2_m, P2_l, P3_m, P3_l
0, 1.76467, 0.94964, -1.76467, 0.97352, 0.01194, -1.82367
1, 1.72298, 0.85915, -1.73215, 0.91366, 0.04442, -1.57943
2, 1.60413, 0.74107, -1.64002, 0.81511, 0.10419, -1.27927
3, 1.40974, 0.60932, -1.49671, 0.67473, 0.19551, -0.93811
4, 1.14602, 0.47809, -1.31295, 0.49205, 0.31958, -0.57291
5, 0.82351, 0.36078, -1.10106, 0.26956, 0.47431, -0.20174
6, 0.45664, 0.26897, -0.87414, 0.01275, 0.65422, 0.15737
7, 0.06289, 0.21145, -0.64515, -0.26998, 0.85073, 0.48753
8, -0.33821, 0.19353, -0.42611, -0.56773, 1.05260, 0.77406
9, -0.72629, 0.21656, -0.22728, -0.86769, 1.24673, 1.00539
10, -1.08148, 0.27786, -0.05649, -1.15584, 1.41904, 1.17374
11, -1.38561, 0.37082, 0.08120, -1.41785, 1.55547, 1.27553
12, -1.62341, 0.48552, 0.18381, -1.63994, 1.64301, 1.31144
13, -1.78346, 0.60942, 0.25234, -1.80973, 1.67071, 1.28626
14, -1.85891, 0.72837, 0.29060, -1.91701, 1.63048, 1.20840
15, -1.84788, 0.82770, 0.30474, -1.95447, 1.51793, 1.08924
16, -1.75355, 0.89335, 0.30267, -1.91816, 1.33278, 0.94220
17, -1.58393, 0.91302, 0.29337, -1.80789, 1.07919, 0.78178
18, -1.35138, 0.87723, 0.28606, -1.62730, 0.76571, 0.62248
19, -1.07177, 0.78014, 0.28938, -1.38377, 0.40494, 0.47766
20, -0.76344, 0.62025, 0.31066, -1.08811, 0.01290, 0.35858
21, -0.44602, 0.40069, 0.35520, -0.75399, -0.39190, 0.27350
22, -0.13904, 0.12924, 0.42571, -0.39720, -0.78960, 0.22704
23, 0.13939, -0.18200, 0.52201, -0.03475, -1.16021, 0.21991
24, 0.37386, -0.51738, 0.64086, 0.31621, -1.48487, 0.24885
25, 0.55268, -0.85858, 0.77613, 0.63937, -1.74703, 0.30698
26, 0.66860, -1.18585, 0.91914, 0.92038, -1.93350, 0.38437
27, 0.71920, -1.47927, 1.05924, 1.14760, -2.03523, 0.46886
28, 0.70697, -1.72006, 1.18463, 1.31288, -2.04794, 0.54703
29, 0.63901, -1.89188, 1.28315, 1.41191, -1.97235, 0.60527
30, 0.52642, -1.98197, 1.34326, 1.44443, -1.81416, 0.63092
31, 0.38352, -1.98201, 1.35493, 1.41412, -1.58371, 0.61332
32, 0.22666, -1.88884, 1.31047, 1.32825, -1.29537, 0.54477
33, 0.07303, -1.70478, 1.20525, 1.19711, -0.96657, 0.42130
34, -0.06064, -1.43763, 1.03824, 1.03323, -0.61678, 0.24320
35, -0.15943, -1.10032, 0.81229, 0.85048, -0.26615, 0.01514
36, -0.21133, -0.71024, 0.53418, 0.66306, 0.06577, -0.25387
37, -0.20827, -0.28820, 0.21440, 0.48448, 0.36138, -0.55102
38, -0.14681, 0.14282, -0.13341, 0.32659, 0.60613, -0.86041
39, -0.02852, 0.55917, -0.49317, 0.19874, 0.78943, -1.16407
40, 0.13999, 0.93804, -0.84736, 0.10711, 0.90531, -1.44311
41, 0.34747, 1.25899, -1.17804, 0.05435, 0.95265, -1.67901
42, 0.57877, 1.50529, -1.46800, 0.03943, 0.93515, -1.85482
43, 0.81591, 1.66500, -1.70181, 0.05781, 0.86101, -1.95645
44, 1.03938, 1.73172, -1.86685, 0.10187, 0.74219, -1.97367
45, 1.22954, 1.70499, -1.95407, 0.16153, 0.59354, -1.90090
46, 1.36809, 1.59030, -1.95868, 0.22512, 0.43162, -1.73778
47, 1.43949, 1.39864, -1.88043, 0.28032, 0.27349, -1.48935
48, 1.43213, 1.14576, -1.72370, 0.31515, 0.13534, -1.16590
49, 1.33939, 0.85109, -1.49731, 0.31905, 0.03131, -0.78251
50, 1.16027, 0.53634, -1.21394, 0.28373, -0.02763, -0.35821
51, 0.89970, 0.22407, -0.88942, 0.20400, -0.03454, 0.08512
52, 0.56845, -0.06393, -0.54174, 0.07829, 0.01284, 0.52409
53, 0.18255, -0.30818, -0.18991, -0.09104, 0.11190, 0.93529
54, -0.23761, -0.49294, 0.14726, -0.29770, 0.25522, 1.29680
55, -0.66860, -0.60727, 0.45240, -0.53177, 0.43110, 1.58967
56, -1.08537, -0.64589, 0.71066, -0.78029, 0.62434, 1.79905
57, -1.46297, -0.60944, 0.91065, -1.02806, 0.81740, 1.91525
58, -1.77817, -0.50448, 1.04513, -1.25865, 0.99169, 1.93429
59, -2.01100, -0.34291, 1.11137, -1.45553, 1.12898, 1.85818
60, -2.14619, -0.14114, 1.11124, -1.60321, 1.21277, 1.69471
61, -2.17419, 0.08117, 1.05097, -1.68839, 1.22966, 1.45697
62, -2.09195, 0.30255, 0.94065, -1.70094, 1.17044, 1.16245
63, -1.90320, 0.50135, 0.79340, -1.63473, 1.03098, 0.83182
64, -1.61828, 0.65735, 0.62443, -1.48824, 0.81275, 0.48763
65, -1.25362, 0.75333, 0.44988, -1.26478, 0.52298, 0.15268
66, -0.83074, 0.77640, 0.28562, -0.97251, 0.17440, -0.15149
67, -0.37492, 0.71915, 0.14610, -0.62415, -0.21551, -0.40620
68, 0.08637, 0.58031, 0.04324, -0.23625, -0.62557, -0.59687
69, 0.52542, 0.36505, -0.01447, 0.17163, -1.03221, -0.71413
70, 0.91613, 0.08472, -0.02264, 0.57819, -1.41109, -0.75430
71, 1.23591, -0.24376, 0.01866, 0.96175, -1.73863, -0.71968
72, 1.46714, -0.59905, 0.10482, 1.30159, -1.99363, -0.61822
73, 1.59833, -0.95681, 0.22702, 1.57942, -2.15869, -0.46295
74, 1.62482, -1.29134, 0.37289, 1.78049, -2.22148, -0.27093
75, 1.54904, -1.57744, 0.52744, 1.89461, -2.17566, -0.06200
76, 1.38026, -1.79222, 0.67423, 1.91679, -2.02139, 0.14276
77, 1.13394, -1.91672, 0.79657, 1.84755, -1.76550, 0.32258
78, 0.83066, -1.93741, 0.87893, 1.69295, -1.42117, 0.45858
79, 0.49465, -1.84719, 0.90810, 1.46413, -1.00721, 0.53527
80, 0.15218, -1.64607, 0.87436, 1.17662, -0.54699, 0.54175
81, -0.17040, -1.34139, 0.77234, 0.84935, -0.06698, 0.47268
82, -0.44845, -0.94756, 0.60163, 0.50335, 0.40499, 0.32880
83, -0.66083, -0.48540, 0.36702, 0.16038, 0.84166, 0.11701
84, -0.79144, 0.01906, 0.07837, -0.15860, 1.21820, -0.14998
85, -0.83049, 0.53627, -0.24996, -0.43483, 1.51388, -0.45450
86, -0.77529, 1.03515, -0.59998, -0.65314, 1.71344, -0.77503
87, -0.63059, 1.48521, -0.95118, -0.80287, 1.80795, -1.08777
88, -0.40829, 1.85864, -1.28191, -0.87855, 1.79540, -1.36823
89, -0.12659, 2.13217, -1.57079, -0.88021, 1.68077, -1.59305
90, 0.19130, 2.28874, -1.79815, -0.81327, 1.47565, -1.74173
91, 0.51884, 2.31861, -1.94742, -0.68809, 1.19741, -1.79816
92, 0.82811, 2.22015, -2.00630, -0.51918, 0.86806, -1.75190
93, 1.09192, 1.99999, -1.96772, -0.32408, 0.51269, -1.59907
94, 1.28579, 1.67263, -1.83045, -0.12204, 0.15771, -1.34288
95, 1.38981, 1.25951, -1.59934, 0.06735, -0.17096, -0.99360
96, 1.39022, 0.78767, -1.28516, 0.22573, -0.44970, -0.56818
97, 1.28057, 0.28794, -0.90404, 0.33730, -0.65895, -0.08932
98, 1.06236, -0.20712, -0.47655, 0.39005, -0.78455, 0.41589
99, 0.74522, -0.66542, -0.02647, 0.37675, -0.81885, 0.91780
100, 0.34630, -1.05763, 0.42080, 0.29557, -0.76136, 1.38614
101, -0.11075, -1.35926, 0.83987, 0.15030, -0.61873, 1.79208
102, -0.59729, -1.55232, 1.20709, -0.04983, -0.40438, 2.11018
103, -1.08158, -1.62654, 1.50210, -0.29069, -0.13745, 2.32013
104, -1.53096, -1.58001, 1.70916, -0.55426, 0.15853, 2.40815
105, -1.91402, -1.41936, 1.81816, -0.81984, 0.45740, 2.36804
106, -2.20283, -1.15927, 1.82526, -1.06555, 0.73228, 2.20163
107, -2.37493, -0.82152, 1.73314, -1.26991, 0.95761, 1.91879
108, -2.41499, -0.43345, 1.55080, -1.41343, 1.11103, 1.53686
109, -2.31602, -0.02598, 1.29294, -1.48012, 1.17516, 1.07957
110, -2.08008, 0.36859, 0.97896, -1.45876, 1.13901, 0.57552
111, -1.71832, 0.71885, 0.63163, -1.34386, 0.99892, 0.05632
112, -1.25041, 0.99660, 0.27558, -1.13625, 0.75905, -0.44552
113, -0.70341, 1.17888, -0.06447, -0.84323, 0.43128, -0.89880
114, -0.11017, 1.24974, -0.36535, -0.47833, 0.03447, -1.27582
115, 0.49284, 1.20151, -0.60711, -0.06059, -0.40669, -1.55430
116, 1.06797, 1.03545, -0.77438, 0.38653, -0.86334, -1.71885
117, 1.57912, 0.76185, -0.85752, 0.83675, -1.30433, -1.76197
118, 1.99417, 0.39938, -0.85332, 1.26260, -1.69842, -1.68453
119, 2.28718, -0.02618, -0.76525, 1.63739, -2.01641, -1.49574
120, 2.44014, -0.48365, -0.60321, 1.93693, -2.23324, -1.21249
121, 2.44426, -0.93862, -0.38282, 2.14126, -2.32980, -0.85824
122, 2.30054, -1.35584, -0.12428, 2.23605, -2.29442, -0.46132
123, 2.01984, -1.70179, 0.14912, 2.21363, -2.12388, -0.05293
124, 1.62213, -1.94716, 0.41267, 2.07368, -1.82383, 0.33506
125, 1.13518, -2.06909, 0.64214, 1.82330, -1.40868, 0.67245
126, 0.59274, -2.05286, 0.81560, 1.47671, -0.90085, 0.93280
127, 0.03229, -1.89313, 0.91510, 1.05440, -0.32949, 1.09546
128, -0.50752, -1.59442, 0.92812, 0.58186, 0.27125, 1.14705
129, -0.98954, -1.17117, 0.84864, 0.08793, 0.86458, 1.08265
130, -1.38065, -0.64706, 0.67771, -0.39709, 1.41362, 0.90615
131, -1.65413, -0.05365, 0.42356, -0.84349, 1.88403, 0.63017
132, -1.79160, 0.57165, 0.10107, -1.22427, 2.24639, 0.27517
133, -1.78448, 1.18827, -0.26916, -1.51701, 2.47808, -0.13198
134, -1.63472, 1.75525, -0.66217, -1.70532, 2.56486, -0.55983
135, -1.35471, 2.23405, -1.05036, -1.77992, 2.50185, -0.97453
136, -0.96637, 2.59119, -1.40535, -1.73918, 2.29394, -1.34229
137, -0.49974, 2.80065, -1.70000, -1.58924, 1.95552, -1.63178
138, 0.00904, 2.84579, -1.91030, -1.34361, 1.50958, -1.81663
139, 0.52031, 2.72063, -2.01718, -1.02229, 0.98613, -1.87737
140, 0.99378, 2.43052, -2.00790, -0.65038, 0.42035, -1.80299
141, 1.39155, 1.99193, -1.87718, -0.25633, -0.14981, -1.59184
142, 1.68094, 1.43145, -1.62776, 0.13012, -0.68617, -1.25203
143, 1.83680, 0.78415, -1.27053, 0.47998, -1.15294, -0.80118
144, 1.84353, 0.09130, -0.82399, 0.76712, -1.51918, -0.26554
145, 1.69637, -0.60234, -0.31329, 0.97015, -1.76103, 0.32162
146, 1.40189, -1.25154, 0.23134, 1.07400, -1.86351, 0.92240
147, 0.97767, -1.81388, 0.77660, 1.07107, -1.82167, 1.49692
148, 0.45104, -2.25285, 1.28849, 0.96193, -1.64100, 2.00602
149, -0.14262, -2.54038, 1.73475, 0.75526, -1.33695, 2.41396
150, -0.76219, -2.65853, 2.08700, 0.46729, -0.93391, 2.69089
151, -1.36361, -2.60064, 2.32266, 0.12070, -0.46357, 2.81502
152, -1.90304, -2.37184, 2.42648, -0.25702, 0.03728, 2.77432
153, -2.33987, -1.98895, 2.39157, -0.63549, 0.52930, 2.56752
154, -2.63960, -1.47957, 2.22003, -0.98354, 0.97359, 2.20441
155, -2.77628, -0.88026, 1.92283, -1.27159, 1.33451, 1.70541
156, -2.73457, -0.23403, 1.51919, -1.47376, 1.58235, 1.10029
157, -2.51114, 0.41280, 1.03533, -1.56995, 1.69553, 0.42634
158, -2.11520, 1.01377, 0.50279, -1.54737, 1.66228, -0.27408
159, -1.56806, 1.52552, -0.04364, -1.40162, 1.48165, -0.95637
160, -0.90200, 1.91081, -0.56826, -1.13717, 1.16367, -1.57671
161, -0.15832, 2.14130, -1.03689, -0.76735, 0.72869, -2.09528
162, 0.61531, 2.19963, -1.41920, -0.31363, 0.20613, -2.47897
163, 1.36819, 2.08089, -1.69086, 0.19571, -0.36752, -2.70359
164, 2.05032, 1.79304, -1.83528, 0.72749, -0.95106, -2.75541
165, 2.61589, 1.35648, -1.84482, 1.24593, -1.50151, -2.63213
166, 3.02626, 0.80261, -1.72139, 1.71512, -1.97714, -2.34317
167, 3.25263, 0.17172, -1.47627, 2.10145, -2.34046, -1.90920
168, 3.27814, -0.48978, -1.12936, 2.37604, -2.56084, -1.36088
169, 3.09922, -1.13248, -0.70781, 2.51675, -2.61686, -0.73689
170, 2.72609, -1.70739, -0.24423, 2.50995, -2.49799, -0.08117
171, 2.18217, -2.16953, 0.22568, 2.35159, -2.20571, 0.56011
172, 1.50254, -2.48136, 0.66559, 2.04774, -1.75362, 1.14176
173, 0.73170, -2.61560, 1.04127, 1.61434, -1.16683, 1.62272
174, -0.07929, -2.55723, 1.32310, 1.07632, -0.48050, 1.96897
175, -0.87622, -2.30462, 1.48823, 0.46606, 0.26234, 2.15601
176, -1.60552, -1.86992, 1.52234, -0.17868, 1.01364, 2.17071
177, -2.21795, -1.27859, 1.42080, -0.81728, 1.72378, 2.01239
178, -2.67196, -0.56805, 1.18904, -1.40899, 2.34513, 1.69295
179, -2.93662, 0.21480, 0.84230, -1.91582, 2.83529, 1.23608
180, -2.99404, 1.01697, 0.40458, -2.30516, 3.15990, 0.67564
181, -2.84081, 1.78302, -0.09291, -2.55207, 3.29508, 0.05329
182, -2.48824, 2.45878, -0.61384, -2.64084, 3.22924, -0.58433
183, -1.96157, 2.99508, -1.11928, -2.56613, 2.96416, -1.18876
184, -1.29829, 3.35124, -1.57052, -2.33338, 2.51505, -1.71311
185, -0.54582, 3.49816, -1.93175, -1.95859, 1.90962, -2.11558
186, 0.24154, 3.42056, -2.17272, -1.46743, 1.18631, -2.36267
187, 1.00634, 3.11831, -2.27084, -0.89361, 0.39180, -2.43173
188, 1.69233, 2.60679, -2.21305, -0.27664, -0.42197, -2.31257
189, 2.24864, 1.91603, -1.99694, 0.34094, -1.20130, -2.00830
190, 2.63331, 1.08889, -1.63125, 0.91651, -1.89452, -1.53537
191, 2.81625, 0.17815, -1.13560, 1.41033, -2.45542, -0.92299
192, 2.78155, -0.75691, -0.53935, 1.78829, -2.84646, -0.21132
193, 2.52898, -1.65428, 0.12006, 2.02441, -3.04152, 0.55137
194, 2.07407, -2.45358, 0.79968, 2.10275, -3.02803, 1.31224
195, 1.44694, -3.10065, 1.45411, 2.01872, -2.80788, 2.01747
196, 0.69034, -3.55153, 2.03887, 1.77941, -2.39728, 2.61579
197, -0.14288, -3.77517, 2.51353, 1.40317, -1.82553, 3.06207
198, -0.99312, -3.75529, 2.84433, 0.91830, -1.13316, 3.32064
199, -1.79850, -3.49169, 3.00649, 0.36104, -0.36954, 3.36801
200, -2.49948, -3.00046, 2.98607, -0.22686, 0.41030, 3.19483
201, -3.04305, -2.31336, 2.78119, -0.80097, 1.14958, 2.80684
202, -3.38607, -1.47621, 2.40240, -1.31720, 1.79423, 2.22480
203, -3.49833, -0.54602, 1.87210, -1.73504, 2.29687, 1.48332
204, -3.36525, 0.41342, 1.22310, -2.02071, 2.62002, 0.62857
205, -2.98952, 1.33612, 0.49652, -2.14978, 2.73881, -0.28477
206, -2.39107, 2.15819, -0.26082, -2.10890, 2.64295, -1.19701
207, -1.60571, 2.82207, -0.99952, -1.89678, 2.33771, -2.04740
208, -0.68303, 3.28068, -1.67099, -1.52448, 1.84338, -2.77856
209, 0.31632, 3.50104, -2.23078, -1.01507, 1.19388, -3.34092
210, 1.32469, 3.46680, -2.64156, -0.40233, 0.43471, -3.69600
211, 2.27282, 3.17959, -2.87588, 0.27166, -0.37982, -3.81867
212, 3.09503, 2.65910, -2.91827, 0.95963, -1.19028, -3.69887
213, 3.73323, 1.94167, -2.76646, 1.61236, -1.93662, -3.34257
214, 4.14054, 1.07786, -2.43152, 2.18200, -2.56263, -2.77163
215, 4.28487, 0.12881, -1.93703, 2.62528, -3.01970, -2.02281
216, 4.15155, -0.83783, -1.31761, 2.90678, -3.27005, -1.14574
217, 3.74494, -1.75213, -0.61679, 3.00150, -3.28960, -0.19953
218, 3.08844, -2.54648, 0.11576, 2.89696, -3.07024, 0.75164
219, 2.22276, -3.16103, 0.82767, 2.59435, -2.62085, 1.64297
220, 1.20317, -3.54852, 1.46780, 2.10870, -1.96685, 2.41328
221, 0.09626, -3.67746, 1.99004, 1.46814, -1.14855, 3.00923
222, -1.02421, -3.53401, 2.35654, 0.71209, -0.21884, 3.38921
223, -2.08266, -3.12317, 2.54041, -0.11133, 0.76005, 3.52646
224, -3.00722, -2.46882, 2.52766, -0.94843, 1.72109, 3.41116
225, -3.73445, -1.61289, 2.31837, -1.74351, 2.59754, 3.05123
226, -4.21338, -0.61292, 1.92672, -2.44280, 3.32753, 2.47191
227, -4.40958, 0.46234, 1.38002, -2.99838, 3.85798, 1.71410
228, -4.30808, 1.53801, 0.71696, -3.37156, 4.14827, 0.83154
229, -3.91449, 2.53779, -0.01482, -3.53543, 4.17342, -0.11296
230, -3.25455, 3.38899, -0.76195, -3.47670, 3.92626, -1.05162
231, -2.37250, 4.02785, -1.46911, -3.19681, 3.41833, -1.91614
232, -1.32811, 4.40435, -2.08313, -2.71203, 2.67936, -2.64248
233, -0.19305, 4.48596, -2.55669, -2.05271, 1.75520, -3.17589
234, 0.95351, 4.26017, -2.85166, -1.26157, 0.70488, -3.47517
235, 2.03073, 3.73577, -2.94178, -0.39094, -0.40295, -3.51533
236, 2.96232, 2.94261, -2.81497, 0.50091, -1.49457, -3.28933
237, 3.68167, 1.92988, -2.47449, 1.35387, -2.49658, -2.80876
238, 4.13619, 0.76283, -1.93898, 2.11005, -3.34096, -2.10360
239, 4.29122, -0.48174, -1.24138, 2.71770, -3.96955, -1.22072
240, 4.13296, -1.72046, -0.42689, 3.13491, -4.33803, -0.22079
241, 3.66987, -2.86853, 0.44984, 3.33271, -4.41958, 0.82635
242, 2.93217, -3.84583, 1.32843, 3.29723, -4.20706, 1.84658
243, 1.96945, -4.58336, 2.14730, 3.03084, -3.71357, 2.76620
244, 0.84777, -5.02784, 2.84808, 2.55214, -2.97151, 3.51695
245, -0.35412, -5.14489, 3.37954, 1.89473, -2.03050, 4.04113
246, -1.55028, -4.92208, 3.70097, 1.10491, -0.95401, 4.29593
247, -2.65407, -4.37034, 3.78524, 0.23852, 0.18423, 4.25671
248, -3.58474, -3.52305, 3.62102, -0.64289, 1.30498, 3.91901
249, -4.27296, -2.43411, 3.21403, -1.47600, 2.32964, 3.29932
250, -4.66486, -1.17544, 2.58699, -2.19999, 3.18621, 2.43431
251, -4.72636, 0.16819, 1.77806, -2.76126, 3.81387, 1.37856
252, -4.44669, 1.50597, 0.83829, -3.11766, 4.16695, 0.20070
253, -3.83939, 2.74666, -0.17145, -3.24145, 4.21851, -1.02126
254, -2.94122, 3.80421, -1.18434, -3.12090, 3.96284, -2.20467
255, -1.80961, 4.60407, -2.13244, -2.76123, 3.41619, -3.26743
256, -0.51894, 5.08895, -2.95153, -2.18463, 2.61528, -4.13460
257, 0.84321, 5.22291, -3.58529, -1.42947, 1.61464, -4.74434
258, 2.18203, 4.99409, -3.98899, -0.54800, 0.48378, -5.05145
259, 3.40371, 4.41584, -4.13304, 0.39778, -0.69688, -5.03023
260, 4.42140, 3.52606, -4.00569, 1.34073, -1.84205, -4.67720
261, 5.16005, 2.38499, -3.61383, 2.21290, -2.86820, -4.01165
262, 5.56242, 1.07125, -2.98243, 2.94982, -3.70004, -3.07398
263, 5.59387, -0.32402, -2.15282, 3.49519, -4.27500, -1.92396
264, 5.24484, -1.70385, -1.17993, 3.80520, -4.54683, -0.63780
265, 4.53244, -2.97066, -0.12933, 3.85188, -4.49007, 0.69824
266, 3.49980, -4.03234, 0.92661, 3.62539, -4.10289, 1.99436
267, 2.21201, -4.81131, 1.91434, 3.13511, -3.40702, 3.16226
268, 0.75230, -5.24984, 2.76508, 2.40937, -2.44607, 4.12083
269, -0.78173, -5.31243, 3.41935, 1.49367, -1.28241, 4.80253
270, -2.28517, -4.98962, 3.83058, 0.44750, 0.00614, 5.15841
271, -3.65435, -4.29927, 3.96855, -0.65980, 1.33050, 5.16164
272, -4.79472, -3.28459, 3.82205, -1.75328, 2.59750, 4.80961
273, -5.62563, -2.01300, 3.40007, -2.75699, 3.71752, 4.12439
274, -6.08556, -0.57224, 2.73099, -3.59976, 4.60940, 3.15154
275, -6.13854, 0.93789, 1.86034, -4.22110, 5.20564, 1.95729
276, -5.77670, 2.41182, 0.84828, -4.57509, 5.45812, 0.62398
277, -5.02030, 3.74378, -0.23384, -4.63302, 5.34193, -0.75615
278, -3.91745, 4.83599, -1.30840, -4.38582, 4.85737, -2.08705
279, -2.54116, 5.60627, -2.29758, -3.84517, 4.03098, -3.27403
280, -0.98312, 5.99422, -3.12927, -3.04271, 2.91351, -4.23103
281, 0.65128, 5.96533, -3.74180, -2.02857, 1.57584, -4.88850
282, 2.24896, 5.51367, -4.08759, -0.86890, 0.10550, -5.19718
283, 3.69902, 4.66291, -4.13708, 0.35908, -1.39843, -5.13107
284, 4.89991, 3.46517, -3.88175, 1.57303, -2.83292, -4.69055
285, 5.76521, 1.99799, -3.33484, 2.69061, -4.09897, -3.90222
286, 6.23106, 0.35919, -2.53034, 3.63476, -5.10829, -2.81731
287, 6.26095, -1.34034, -1.52070, 4.33933, -5.78813, -1.50968
288, 5.84835, -2.98417, -0.37370, 4.75401, -6.08716, -0.07020
289, 5.01817, -4.45659, 0.83149, 4.84800, -5.98027, 1.40060
290, 3.82492, -5.65185, 2.00989, 4.61240, -5.47007, 2.79843
291, 2.34840, -6.48296, 3.07753, 4.06108, -4.58683, 4.02187
292, 0.68979, -6.88607, 3.95702, 3.23002, -3.38733, 4.98020
293, -1.03513, -6.82566, 4.58246, 2.17502, -1.95069, 5.60026
294, -2.70449, -6.29850, 4.90431, 0.96803, -0.37268, 5.83178
295, -4.19867, -5.33427, 4.89336, -0.30801, 1.23942, 5.65102
296, -5.40968, -3.99269, 4.54318, -1.56477, 2.77434, 5.06284
297, -6.24807, -2.36034, 3.87122, -2.71393, 4.12581, 4.10095
298, -6.64851, -0.54623, 2.91786, -3.67332, 5.19878, 2.82595
299, -6.57624, 1.32750, 1.74329, -4.37381, 5.91594, 1.32167
300, -6.02947, 3.13306, 0.42398, -4.76411, 6.22410, -0.31063
301, -5.03939, 4.74476, -0.95168, -4.81375, 6.09798, -1.95967
302, -3.66950, 6.04876, -2.28970, -4.51577, 5.54246, -3.51095
303, -2.01116, 6.95143, -3.49759, -3.88753, 4.59299, -4.85381
304, -0.17642, 7.38603, -4.49094, -2.96962, 3.31257, -5.89092
305, 1.70783, 7.31732, -5.19851, -1.82409, 1.78760, -6.54525
306, 3.50900, 6.74448, -5.56719, -0.53048, 0.12343, -6.76412
307, 5.09924, 5.70158, -5.56682, 0.82075, -1.56330, -6.52432
308, 6.36222, 4.25586, -5.19269, 2.13430, -3.15285, -5.83497
309, 7.20267, 2.50367, -4.46572, 3.31573, -4.53105, -4.73675
310, 7.55434, 0.56437, -3.43154, 4.27817, -5.59828, -3.29823
311, 7.38422, -1.42815, -2.15740, 4.94901, -6.27478, -1.61334
312, 6.69464, -3.33614, -0.72726, 5.27534, -6.50672, 0.20501
313, 5.52480, -5.02494, 0.76270, 5.22780, -6.27188, 2.03456
314, 3.94842, -6.37311, 2.21016, 4.80292, -5.58026, 3.74985
315, 2.06746, -7.28322, 3.51542, 4.02391, -4.47411, 5.23077
316, 0.00789, -7.68570, 4.58789, 2.93943, -3.02645, 6.37215
317, -2.08975, -7.54765, 5.35118, 1.62065, -1.33473, 7.09140
318, -4.08023, -6.87125, 5.74932, 0.15627, 0.48576, 7.33428
319, -5.82340, -5.69847, 5.75108, -1.35403, 2.30735, 7.07855
320, -7.19559, -4.10523, 5.35260, -2.80588, 4.00119, 6.33617
321, -8.09572, -2.19910, 4.57853, -4.09577, 5.44591, 5.15283
322, -8.45397, -0.11160, 3.47989, -5.12982, 6.53379, 3.60560
323, -8.23845, 2.01328, 2.12981, -5.83192, 7.18123, 1.79822
324, -7.45568, 4.02527, 0.62029, -6.14713, 7.33525, -0.14549
325, -6.15239, 5.77986, -0.94333, -6.04560, 6.97624, -2.09176
326, -4.41024, 7.14875, -2.45046, -5.52705, 6.11960, -3.90628
327, -2.34546, 8.02917, -3.79349, -4.62080, 4.81710, -5.45977
328, -0.09614, 8.35189, -4.87661, -3.38218, 3.15159, -6.64118
329, 2.18419, 8.08547, -5.62072, -1.89082, 1.23200, -7.36450
330, 4.33764, 7.23922, -5.96819, -0.24651, -0.81171, -7.57332
331, 6.21418, 5.86302, -5.88957, 1.44051, -2.83880, -7.24805
332, 7.67877, 4.04516, -5.38532, 3.05573, -4.70781, -6.40547
333, 8.62721, 1.90723, -4.48551, 4.48651, -6.28650, -5.09953
334, 8.98627, -0.40562, -3.24904, 5.63130, -7.46163, -3.41600
335, 8.72434, -2.73351, -1.75896, 6.40751, -8.14438, -1.47047
336, 7.85195, -4.91466, -0.11627, 6.75724, -8.28002, 0.60286
337, 6.42350, -6.79259, 1.56447, 6.65114, -7.85134, 2.65982
338, 4.53261, -8.23085, 3.16408, 6.09092, -6.87935, 4.55385
339, 2.30574, -9.12195, 4.56874, 5.10967, -5.42283, 6.14794
340, -0.10626, -9.39492, 5.67539, 3.77017, -3.57580, 7.32478
341, -2.50241, -9.21139, 6.39964, 2.16120, -1.46150, 7.99509
342, -4.76772, -8.39116, 6.68368, 0.39186, 0.77851, 8.10422
343, -6.74113, -6.98420, 6.49981, -1.41689, 2.99028, 7.63585
344, -8.27920, -5.08163, 5.85226, -3.14103, 5.02112, 6.61387
345, -9.26604, -2.81052, 4.77863, -4.65925, 6.72804, 5.10141
346, -9.62244, -0.32594, 3.34681, -5.86328, 7.98836, 3.19743
347, -9.31299, 2.20184, 1.64985, -6.66675, 8.71050, 1.03067
348, -8.34777, 4.59671, -0.19800, -7.00871, 8.83769, -1.25034
349, -6.78979, 6.69049, -2.06985, -6.86012, 8.35427, -3.48719
350, -4.72991, 8.33194, -3.83510, -6.22657, 7.28660, -5.52228
351, -2.30386, 9.40062, -5.36881, -5.14786, 5.70311, -7.20824
352, 0.32590, 9.81512, -6.56116, -3.69434, 3.70810, -8.42146
353, 2.97944, 9.53855, -7.32336, -1.96450, 1.43628, -9.06865
354, 5.47283, 8.58204, -7.59508, -0.07768, -0.96074, -9.09827
355, 7.63044, 7.00451, -7.35005, 1.83551, -3.30346, -8.50340
356, 9.29793, 4.90925, -6.59697, 3.64010, -5.43701, -7.30685
357, 10.44119, 2.44958, -5.37975, 5.20650, -7.20901, -5.58256
358, 10.88596, -0.22657, -3.77594, 6.42055, -8.49104, -3.44160
359, 10.59314, -2.93340, -1.89146, 7.19154, -9.18629, -1.02712
360, 9.57379, -5.47974, 0.14805, 7.45896, -9.23889, 1.49784
361, 7.88958, -7.68223, 2.20358, 7.19665, -8.63687, 3.95955
362, 5.64945, -9.37896, 4.13331, 6.41528, -7.41864, 6.18902
363, 3.00184, -10.44151, 5.80265, 5.16207, -5.65748, 8.02509
364, 0.12521, -10.78359, 7.09194, 3.51830, -3.46963, 9.33488
365, -2.79291, -10.30754, 7.90733, 1.59422, -1.00390, 10.02014
366, -5.53188, -9.09158, 8.18685, -0.47818, 1.56995, 10.02472
367, -7.90034, -7.20745, 7.90482, -2.55497, 4.07117, 9.33896
368, -9.73029, -4.77433, 7.07386, -4.49053, 6.32270, 8.00101
369, -10.88853, -1.95262, 5.74577, -6.14534, 8.16136, 6.09508
370, -11.28817, 1.06815, 4.00725, -7.39834, 9.45477, 3.74489
371, -10.89371, 4.08090, 1.97423, -8.15507, 10.10591, 1.12142
372, -9.71360, 6.88889, -0.21489, -8.35394, 10.05447, -1.60918
373, -7.83477, 9.27304, -2.40786, -7.97744, 9.29323, -4.25822
374, -5.38129, 11.06654, -4.45262, -7.03614, 7.86407, -6.64070
375, -2.52047, 12.13518, -6.20412, -5.58690, 5.85735, -8.58648
376, 0.55021, 12.39324, -7.53707, -3.72182, 3.40416, -9.95515
377, 3.61515, 11.80978, -8.35243, -1.56489, 0.66933, -10.64358
378, 6.45699, 10.41202, -8.58689, 0.73827, -2.19868, -10.55970
379, 8.87092, 8.28402, -8.21733, 3.03037, -4.95485, -9.72998
380, 10.68057, 5.56100, -7.26285, 5.15174, -7.40864, -8.20353
381, 11.69502, 2.37978, -5.78308, 6.95139, -9.38474, -6.07838
382, 11.87702, -0.99664, -3.87444, 8.29939, -10.73864, -3.49535
383, 11.20132, -4.33925, -1.66685, 9.09537, -11.36684, -0.63033
384, 9.70162, -7.41903, 0.68891, 9.27632, -11.21568, 2.32009
385, 7.47119, -10.02046, 3.02783, 8.82074, -10.28383, 5.15036
386, 4.65550, -11.95998, 5.18509, 7.75103, -7.21830, 6.94069
387, 1.44443, -13.09641, 7.00579, 6.13252, -3.67870, 8.09051
388, -1.94234, -13.34222, 8.35649, 4.07002, 0.12050, 8.50254
389, -5.26659, -12.67195, 9.14146, 1.70422, 3.94522, 8.13416
390, -8.29302, -11.12373, 9.29100, -0.80798, 7.55667, 6.99981
391, -10.80232, -8.79709, 8.78512, -3.29393, 10.72672, 5.17191
392, -12.60867, -5.84609, 7.64872, -5.58185, 13.12569, 2.74734
393, -13.57165, -2.47102, 5.95287, -7.50868, 14.72100, -0.05610
394, -13.60842, 1.09701, 3.80763, -8.93679, 15.41098, -3.03385
395, -12.69878, 4.60957, 1.35680, -9.76008, 15.15323, -5.96285
396, -10.88620, 7.82075, -1.25111, -9.91888, 13.96800, -8.61870
397, -8.28308, 10.49812, -3.79033, -9.39031, 11.93784, -10.79040
398, -5.05674, 12.45014, -6.10864, -8.20226, 9.20246, -12.29649
399, -1.42047, 13.53137, -8.03968, -6.43033, 5.94912, -12.99875
400, 2.38135, 13.65597, -9.44260, -4.19040, 2.40095, -12.81223
401, 6.08773, 12.80423, -10.20982, -1.63448, -1.19979, -11.71289
402, 9.44140, 11.02489, -10.27811, 1.06312, -4.60169, -9.73744
403, 12.20516, 8.43267, -9.63128, 3.71523, -7.57470, -6.99355
404, 14.17893, 5.20039, -8.30952, 6.15404, -9.91603, -3.64082
405, 15.21441, 1.55010, -6.39081, 8.18523, -11.46610, 0.11338
406, 15.22740, -2.26494, -3.99465, 9.66427, -12.12208, 4.02993
407, 14.20303, -5.97563, -1.28152, 10.48039, -11.84083, 7.85321
408, 12.19796, -9.31728, 1.56485, 10.56805, -10.65150, 11.32255
409, 9.33793, -12.04666, 4.34727, 9.91164, -8.64701, 14.19975
410, 5.80937, -13.96074, 6.87155, 8.54743, -5.97855, 16.28069
411, 1.84800, -14.91041, 8.95754, 6.56197, -2.84663, 17.41053
412, -2.27774, -14.81244, 10.45819, 4.08203, 0.51342, 17.49555
413, -6.28394, -13.65620, 11.24135, 1.31090, 3.84715, 16.51043
414, -9.89201, -11.50553, 11.26004, -1.58976, 6.89955, 14.50136
415, -12.84718, -8.49530, 10.50224, -4.41702, 9.43324, 11.58378
416, -14.93729, -4.82260, 9.00913, -6.97116, 11.24547, 7.93562
417, -16.00771, -0.73443, 6.87444, -9.06759, 12.18312, 3.78492
418, -15.97296, 3.48922, 4.23722, -10.55239, 12.15325, -0.60030
419, -14.82368, 7.55430, 1.27392, -11.31156, 11.13561, -4.93679
420, -12.62814, 11.17314, -1.81784, -11.27764, 9.17962, -8.94165
421, -9.52904, 14.08466, -4.81811, -10.44261, 6.40452, -12.35125
422, -5.73366, 16.07345, -7.51952, -8.85443, 2.99148, -14.94048
423, -1.50080, 16.98497, -9.73037, -6.61346, -0.82807, -16.53829
424, 2.87719, 16.73754, -11.29084, -3.86682, -4.78762, -17.04006
425, 7.09371, 15.32911, -12.08404, -0.80001, -8.60435, -16.41545
426, 10.84999, 12.83854, -12.04545, 2.37707, -11.99869, -14.71100
427, 13.87557, 9.42136, -11.16706, 5.44327, -14.71403, -12.04776
428, 15.94774, 5.29984, -9.48457, 8.17583, -16.53563, -8.61326
429, 16.90793, 0.74909, -7.12244, 10.38042, -17.30621, -4.64937
430, 16.67388, -3.92226, -4.23664, 11.89532, -16.93844, -0.43556
431, 15.24620, -8.39230, -1.02262, 12.60353, -15.42213, 3.72991
432, 12.70935, -12.34891, 2.29918, 12.44285, -12.82663, 7.55105
433, 9.22716, -15.51100, 5.49708, 11.41093, -9.29721, 10.75418
434, 5.03225, -17.64885, 8.34588, 9.56625, -5.04781, 13.10888
435, 0.41079, -18.60078, 10.64136, 7.02502, -0.34576, 14.44352
436, -4.31693, -18.28538, 12.21445, 3.94977, 4.50540, 14.65813
437, -8.81840, -16.70840, 12.94346, 0.55269, 9.18585, 13.73236
438, -12.77215, -13.96338, 12.76851, -2.93553, 13.38131, 11.72771
439, -15.89032, -10.22654, 11.69018, -6.27304, 16.80520, 8.78387
440, -17.93957, -5.74531, 9.77190, -9.22551, 19.21825, 5.11030
441, -18.75810, -0.82224, 7.13739, -11.58159, 20.44627, 0.97175
442, -18.26794, 4.20537, 3.96186, -13.16885, 20.39275, -3.32995
443, -16.48190, 8.98864, 0.46118, -13.86571, 19.04670, -7.47640
444, -13.50377, 13.19126, -3.12300, -13.61048, 16.48455, -11.15576
445, -9.52283, 16.51314, -6.53913, -12.40832, 12.86605, -14.08452
446, -4.80127, 18.71215, -9.54477, -10.33008, 8.42430, -16.02850
447, 0.34268, 19.62146, -11.92246, -7.50877, 3.45079, -16.81993
448, 5.55637, 19.16229, -13.49580, -4.13064, -1.72428, -16.37084
449, 10.47691, 17.35074, -14.14229, -0.42370, -6.75384, -14.68042
450, 14.75619, 14.29780, -13.80249, 3.35823, -11.29844, -11.83690
451, 18.08578, 10.20280, -12.48482, 6.95272, -15.04906, -8.01277
452, 20.21867, 5.34087, -10.26589, 10.10510, -17.74921, -3.45385
453, 20.98782, 0.04452, -7.28970, 12.59020, -19.21340, 1.53687
454, 20.31878, -5.31894, -3.75309, 14.22643, -19.34021, 6.61861
455, 18.23637, -10.37236, 0.10466, 14.88864, -18.12059, 11.43725
456, 14.86418, -14.75558, 4.01817, 14.51796, -15.63931, 15.64913
457, 10.41754, -18.15048, 7.71431, 13.12714, -12.07001, 18.94569
458, 5.18974, -20.30396, 10.93109, 10.80038, -7.66374, 21.07574
459, -0.46733, -21.04666, 13.43649, 7.68816, -2.73241, 21.86374
460, -6.16692, -20.30601, 15.04371, 3.99814, 2.37284, 21.22362
461, -11.51400, -18.11265, 15.62715, -0.01791, 7.28537, 19.16620
462, -16.13247, -14.59976, 15.13094, -4.08291, 11.64939, 15.80019
463, -19.69203, -9.99514, 13.57379, -7.91217, 15.14455, 11.32625
464, -21.93158, -4.60668, 11.04849, -11.23404, 17.50938, 6.02445
465, -22.67859, 1.19836, 7.71701, -13.80858, 18.56019, 0.23668
466, -21.86221, 7.01771, 3.79991, -15.44482, 18.20547, -5.65674
467, -19.51974, 12.44238, -0.43825, -16.01496, 16.45328, -11.26214
468, -15.79543, 17.08481, -4.70650, -15.46409, 13.41193, -16.19995
469, -10.93194, 20.60653, -8.70781, -13.81542, 9.28368, -20.13101
470, -5.25456, 22.74261, -12.15946, -11.16939, 4.35204, -22.78030
471, 0.85024, 23.32118, -14.81336, -7.69765, -1.03756, -23.95710
472, 6.96109, 22.27687, -16.47338, -3.63235, -6.50107, -23.56914
473, 12.65076, 19.65697, -17.01034, 0.74981, -11.64257, -21.63023
474, 17.51577, 15.61979, -16.37137, 5.14541, -16.08201, -18.26065
475, 21.20519, 10.42507, -14.58508, 9.24622, -19.48244, -13.68017
476, 23.44567, 4.41749, -11.76067, 12.75982, -21.57457, -8.19387
477, 24.06182, -1.99637, -8.08155, 15.43100, -22.17686, -2.17213
478, 22.98970, -8.37544, -3.79311, 17.05994, -21.20979, 3.97444
479, 20.28289, -14.27458, 0.81337, 17.51687, -18.70325, 9.82293
480, 16.11029, -19.27562, 5.42023, 16.75218, -14.79626, 14.96758
481, 10.74586, -23.01698, 9.70571, 14.80117, -9.72922, 19.04808
482, 4.55098, -25.21967, 13.36592, 11.78271, -3.82857, 21.77538
483, -2.04983, -25.70807, 16.13678, 7.89199, 2.51454, 22.95252
484, -8.59761, -24.42364, 17.81253, 3.38834, 8.87037, 22.48942
485, -14.63082, -21.43064, 18.26154, -1.42236, 14.80022, 20.41046
486, -19.71746, -16.91341, 17.43614, -6.20823, 19.88670, 16.85404
487, -23.48595, -11.16519, 15.37723, -10.63442, 23.76329, 12.06409
488, -25.65190, -4.56917, 12.21260, -14.38627, 26.14060, 6.37429
489, -26.03935, 2.42710, 8.14914, -17.19188, 26.82788, 0.18553
490, -24.59458, 9.34189, 3.45968, -18.84138, 25.74774, -6.06146
491, -21.39169, 15.69268, -1.53550, -19.20279, 22.94333, -11.91660
492, -16.62919, 21.02968, -6.49016, -18.23224, 18.57722, -16.95233
493, -10.61789, 24.96785, -11.05622, -15.97830, 12.92188, -20.79384
494, -3.76075, 27.21461, -14.90783, -12.57996, 6.34239, -23.14641
495, 3.47408, 27.59156, -17.76485, -8.25804, -0.72741, -23.81723
496, 10.58498, 26.04858, -19.41275, -3.30112, -7.81416, -22.73054
497, 17.07168, 22.66899, -19.71884, 1.95402, -14.43718, -19.93463
498, 22.47014, 17.66566, -18.64248, 7.14468, -20.14161, -15.60025
499, 26.38567, 11.36778, -16.23936, 11.90794, -24.53043, -10.01037
500, 28.52149, 4.19955, -12.65903, 15.90537, -27.29261, -3.54194
501, 28.70100, -3.34835, -8.13563, 18.84762, -28.22584, 3.35932
502, 26.88177, -10.75198, -2.97273, 20.51490, -27.25194, 10.20911
503, 23.16054, -17.49056, 2.47710, 20.77356, -24.42378, 16.51831
504, 17.76843, -23.08285, 7.83583, 19.58648, -19.92326, 21.82714
505, 11.05662, -27.12142, 12.72668, 17.01713, -14.05014, 25.73808
506, 3.47375, -29.30214, 16.80002, 13.22647, -7.20258, 27.94482
507, -4.46433, -29.44697, 19.75848, 8.46296, 0.14941, 28.25520
508, -12.20943, -27.51817, 21.37839, 3.04671, 7.49599, 26.60662
509, -19.21902, -23.62281, 21.52664, -2.65235, 14.32261, 23.07251
510, -24.99411, -18.00742, 20.17117, -8.23920, 20.14586, 17.85942
511, -29.11488, -11.04251, 17.38469, -13.32149, 24.54783, 11.29469
512, -31.27102, -3.19850, 13.34111, -17.53662, 27.20601, 3.80566
513, -31.28498, 4.98596, 8.30464, -20.57788, 27.91721, -4.10875
514, -29.12631, 12.94064, 2.61298, -22.21629, 26.61320, -11.91148
515, -24.91577, 20.10337, -3.34572, -22.31807, 23.36723, -19.06440
516, -18.91908, 25.95942, -9.15891, -20.85512, 18.39061, -25.06556
517, -11.53028, 30.07834, -14.41847, -17.90851, 12.01965, -29.48481
518, -3.24609, 32.14519, -18.74893, -13.66444, 4.69365, -31.99470
519, 5.36750, 31.98438, -21.83465, -8.40240, -3.07473, -32.39486
520, 13.71373, 29.57384, -23.44240, -2.47719, -10.73457, -30.62772
521, 21.20643, 25.04885, -23.43892, 3.70504, -17.73499, -26.78461
522, 27.31114, 18.69479, -21.80173, 9.71434, -23.56389, -21.10147
523, 31.58313, 10.92930, -18.62216, 15.12697, -27.78476, -13.94453
524, 33.69983, 2.27498, -14.10072, 19.55486, -30.06838, -5.78662
525, 33.48501, -6.67575, -8.53440, 22.67362, -30.21767, 2.82429
526, 30.92315, -15.30098, -2.29750, 24.24583, -28.18351, 11.30204
527, 26.16273, -22.99259, 4.18378, 24.13909, -24.07042, 19.06270
528, 19.50812, -29.19884, 10.46002, 22.33672, -18.13160, 25.56509
529, 11.40036, -33.46387, 16.09002, 18.94052, -10.75329, 30.34909
530, 2.38833, -35.46091, 20.67160, 14.16539, -2.42983, 33.06861
531, -6.90834, -35.01704, 23.87029, 8.32584, 6.26958, 33.51722
532, -15.84158, -32.12743, 25.44368, 1.81546, 14.73950, 31.64426
533, -23.77986, -26.95811, 25.25970, -4.91964, 22.38028, 27.56027
534, -30.15265, -19.83680, 23.30734, -11.41106, 28.64012, 21.53138
535, -34.49121, -11.23226, 19.69913, -17.20095, 33.05452, 13.96253
536, -36.46286, -1.72354, 14.66499, -21.87383, 35.28018, 5.37097
537, -35.89613, 8.03890, 8.53773, -25.08653, 35.12090, -3.64860
538, -32.79508, 17.37771, 1.73132, -26.59305, 32.54356, -12.46464
539, -27.34144, 25.63559, -5.28709, -26.26328, 27.68306, -20.45262
540, -19.88442, 32.22152, -12.02902, -24.09368, 20.83538, -27.03886
541, -10.91857, 36.65304, -18.01860, -20.20936, 12.43944, -31.74145
542, -1.05126, 38.59144, -22.82597, -14.85716, 3.04873, -34.20527
543, 9.03833, 37.86748, -26.09811, -8.39006, -6.70570, -34.22861
544, 18.64570, 34.49561, -27.58457, -1.24401, -16.15794, -31.77934
545, 27.09001, 28.67547, -27.15639, 6.09132, -24.65311, -26.99950
546, 33.76211, 20.78054, -24.81692, 13.10611, -31.59314, -20.19763
547, 38.16822, 11.33445, -20.70337, 19.30573, -36.47922, -11.82942
548, 39.96611, 0.97644, -15.07911, 24.24555, -38.94790, -2.46767
549, 38.99122, -9.58176, -8.31701, 27.56276, -38.79832, 7.23631
550, 35.27079, -19.60467, -0.87488, 29.00287, -36.00843, 16.59743
551, 29.02460, -28.38418, 6.73542, 28.43904, -30.73896, 24.94447
552, 20.65239, -35.28950, 13.98300, 25.88276, -23.32472, 31.66753
553, 10.70846, -39.81231, 20.35486, 21.48496, -14.25363, 36.26175
554, -0.13493, -41.60405, 25.39205, 15.52746, -4.13474, 38.36443
555, -11.13287, -40.50252, 28.72253, 8.40502, 6.34260, 37.78256
556, -21.51894, -36.54582, 30.08851, 0.59940, 16.45573, 34.50902
557, -30.55845, -29.97247, 29.36604, -7.35321, 25.49870, 28.72581
558, -37.60033, -21.20747, 26.57562, -14.89882, 32.83168, 20.79423
559, -42.12382, -10.83521, 21.88280, -21.50427, 37.92653, 11.23224
560, -43.77678, 0.43929, 15.58866, -26.69474, 40.40511, 0.68058
561, -42.40267, 11.83800, 8.11062, -30.08778, 40.06762, -10.14028
562, -38.05431, 22.56334, -0.04503, -31.42138, 36.90891, -20.47929
563, -30.99310, 31.85375, -8.31742, -30.57397, 31.12129, -29.60698
564, -21.67374, 39.03754, -16.12948, -27.57491, 23.08369, -36.86677
565, -10.71512, 43.58113, -22.92812, -22.60449, 13.33747, -41.72196
566, 1.14062, 45.12839, -28.22325, -15.98349, 2.55067, -43.79507
567, 13.07823, 43.52807, -31.62300, -8.15267, -8.52717, -42.89654
568, 24.26540, 38.84728, -32.86250, 0.35645, -19.11654, -39.04082
569, 33.91060, 31.36988, -31.82419, 8.95738, -28.46219, -32.44833
570, 41.31912, 21.57963, -28.54818, 17.04910, -35.88647, -23.53315
571, 45.94292, 10.12925, -23.23163, 24.05778, -40.83801, -12.87693
572, 47.42104, -2.20298, -16.21718, 29.47742, -42.93210, -1.19077
573, 45.60743, -14.56587, -7.97107, 32.90616, -41.98004, 10.73249
574, 40.58419, -26.09386, 0.94775, 34.07589, -38.00513, 22.07239
575, 32.65898, -35.96744, 9.92543, 32.87288, -31.24400, 32.03764
576, 22.34666, -43.47115, 18.33536, 29.34795, -22.13306, 39.92168
577, 10.33614, -48.04509, 25.58180, 23.71517, -11.28066, 45.15314
578, -2.55539, -49.32640, 31.14202, 16.33921, 0.57313, 47.33745
579, -15.43780, -47.17739, 34.60387, 7.71195, 12.60655, 46.28682
580, -27.40937, -41.69841, 35.69617, -1.58018, 23.97270, 42.03613
581, -37.61963, -33.22421, 34.30964, -10.89590, 33.85853, 34.84345
582, -45.32965, -22.30384, 30.50684, -19.58317, 41.54246, 25.17507
583, -49.96527, -9.66532, 24.52020, -27.02471, 46.44631, 13.67569
584, -51.15959, 3.83281, 16.73808, -32.68168, 48.17799, 1.12575
585, -48.78157, 17.25960, 7.67991, -36.13247, 46.56176, -11.61121
586, -42.94842, 29.67586, -2.03843, -37.10391, 41.65379, -23.64786
587, -34.02097, 40.19971, -11.74627, -35.49246, 33.74167, -34.13478
588, -22.58173, 48.06905, -20.76438, -31.37385, 23.32778, -42.32034
589, -9.39728, 52.69658, -28.45226, -25.00033, 11.09728, -47.60457
590, 4.63282, 53.71331, -34.25361, -16.78553, -2.12700, -49.58319
591, 18.53715, 50.99749, -37.73633, -7.27780, -15.44013, -48.07846
592, 31.33943, 44.68655, -38.62458, 2.87633, -27.91711, -43.15467
593, 42.12675, 35.17120, -36.82022, 12.97583, -38.67714, -35.11691
594, 50.11443, 23.07159, -32.41217, 22.31361, -46.94588, -24.49284
595, 54.70270, 9.19723, -25.67282, 30.22582, -52.11106, -11.99877
596, 55.52135, -5.50701, -17.04154, 36.13893, -53.76756, 1.50799
597, 52.45885, -20.02505, -7.09627, 39.61109, -51.74871, 15.08739
598, 45.67387, -33.33973, 3.48498, 40.36497, -46.14137, 27.78138
599, 35.58794, -44.50386, 13.97018, 38.30941, -37.28343, 38.68092